0.02956810631229236
0.02425249169435216
0.02724252491694352
0.029900332225913623
0.02292358803986711
0.02425249169435216
0.027906976744186046
0.02458471760797342
0.02458471760797342
0.024916943521594685
0.024916943521594685
0.026578073089700997
0.030564784053156147
0.02558139534883721
0.02425249169435216
0.02458471760797342
0.026910299003322258
0.025913621262458473
0.02292358803986711
0.02458471760797342
0.02458471760797342
0.036877076411960134
0.023920265780730896
0.02558139534883721
0.026245847176079733
0.026578073089700997
0.03388704318936877
0.03521594684385382
0.027906976744186046
0.03986710963455149
0.029900332225913623
0.03521594684385382
0.02823920265780731
0.02524916943521595
0.03388704318936877
0.029900332225913623
0
0
0
0
0
0
0
0
0
0
0
0
0
0
0
0
0
0
0
0
0
0
0
0
0
0
0
0
0
0
0
0
0
0
0
0
0
0
0
0
0
0
0
0
0
0
0
0
0
0
0
0
0
0
0
0
0
0
0
0
0
0
0
0
0
0
0
0
0
0
0
0
0
0
0
0
0
0
0
0
0
0
0
0
0
0
0
0
0
0
0
0
0
0
0
0
0
0
0
0
0
0
0
0
0
0
0
0
0.025665399239543727
0.027566539923954372
0.026299112801013942
0.027249683143219267
0.027249683143219267
0.026932826362484157
0.029784537389100127
0.029467680608365018
0.026932826362484157
0.026615969581749048
0.028833967046894803
0.028517110266159697
0.028833967046894803
0.028517110266159697
0.02788339670468948
0.02788339670468948
0.02788339670468948
0.027249683143219267
0.02788339670468948
0.027249683143219267
0.028517110266159697
0.02788339670468948
0.027566539923954372
0.026615969581749048
0.026615969581749048
0.026932826362484157
0.028833967046894803
0.026932826362484157
0.026932826362484157
0.028833967046894803
0.028833967046894803
0.028517110266159697
0.026932826362484157
0.028517110266159697
0.029150823827629912
0.02788339670468948
0.029049897470950103
0.025974025974025976
0.030416951469583047
0.025290498974709502
0.02563226247436774
0.02734107997265892
0.029733424470266577
0.02734107997265892
0.030758714969241284
0.02734107997265892
0.027682843472317156
0.02734107997265892
0.02836637047163363
0.025974025974025976
0.026657552973342446
0.028024606971975393
0.02836637047163363
0.028024606971975393
0.028024606971975393
0.026657552973342446
0.022556390977443608
0.02836637047163363
0.02631578947368421
0.02734107997265892
0.03144224196855776
0.028708133971291867
0.028024606971975393
0.030758714969241284
0.030758714969241284
0.026657552973342446
0.025974025974025976
0.027682843472317156
0.02734107997265892
0.026999316473000683
0.025974025974025976
0.03110047846889952
0.028124093940272543
0.029863728616990434
0.02783415482748623
0.02609452015076834
0.0272542766019136
0.026674398376340967
0.02783415482748623
0.02783415482748623
0.0272542766019136
0.026964337489127282
0.028703972165845172
0.028124093940272543
0.028414033053058858
0.028703972165845172
0.028414033053058858
0.028124093940272543
0.025804581037982024
0.026964337489127282
0.0272542766019136
0.028124093940272543
0.02783415482748623
0.02783415482748623
0.02783415482748623
0.027544215714699914
0.025804581037982024
0.026674398376340967
0.0292838503914178
0.028414033053058858
0.028993911278631487
0.028703972165845172
0.028414033053058858
0.026674398376340967
0.027544215714699914
0.028124093940272543
0.027544215714699914
0.028414033053058858
0.030400572246065807
0.028254649499284693
0.02753934191702432
0.027896995708154508
0.03111587982832618
0.027181688125894134
0.02753934191702432
0.028254649499284693
0.02861230329041488
0.027181688125894134
0.02753934191702432
0.02503576537911302
0.02682403433476395
0.02861230329041488
0.02682403433476395
0.027181688125894134
0.027896995708154508
0.027181688125894134
0.02753934191702432
0.02753934191702432
0.027896995708154508
0.028969957081545063
0.029685264663805437
0.02753934191702432
0.02753934191702432
0.028254649499284693
0.025393419170243205
0.02503576537911302
0.02753934191702432
0.02753934191702432
0.02753934191702432
0.029327610872675252
0.026108726752503576
0.02753934191702432
0.030042918454935622
0.027896995708154508
0.02718212020537602
0.030202355783751134
0.02959830866807611
0.028088190878888555
0.02536997885835095
0.026578073089700997
0.02959830866807611
0.02718212020537602
0.028088190878888555
0.026880096647538508
0.028692237994563576
0.026880096647538508
0.028390214436726065
0.028994261552401087
0.026880096647538508
0.026880096647538508
0.026880096647538508
0.028994261552401087
0.028390214436726065
0.028692237994563576
0.02718212020537602
0.028088190878888555
0.02778616732105104
0.028088190878888555
0.026880096647538508
0.02718212020537602
0.028088190878888555
0.026880096647538508
0.02718212020537602
0.029296285110238598
0.02778616732105104
0.02778616732105104
0.029900332225913623
0.026880096647538508
0.026276049531863487
0.026276049531863487
0.030272787757817696
0.02761144377910845
0.02661343978709248
0.029940119760479042
0.028609447771124417
0.02761144377910845
0.02594810379241517
0.027944111776447105
0.027944111776447105
0.02761144377910845
0.027278775781769793
0.027944111776447105
0.02694610778443114
0.027944111776447105
0.02694610778443114
0.027278775781769793
0.028942115768463075
0.028276779773785763
0.02927478376580173
0.02694610778443114
0.02694610778443114
0.02761144377910845
0.027944111776447105
0.02761144377910845
0.02661343978709248
0.02694610778443114
0.02761144377910845
0.026280771789753826
0.027944111776447105
0.028609447771124417
0.02694610778443114
0.027278775781769793
0.02761144377910845
0.028609447771124417
0.028942115768463075
0.028609447771124417
0.032058287795992714
0.028051001821493626
0.029143897996357013
0.02695810564663024
0.025865209471766848
0.025500910746812388
0.025865209471766848
0.028051001821493626
0.025865209471766848
0.030965391621129327
0.02622950819672131
0.024408014571948997
0.025136612021857924
0.02841530054644809
0.029143897996357013
0.029143897996357013
0.025136612021857924
0.0273224043715847
0.0273224043715847
0.02622950819672131
0.03351548269581057
0.025136612021857924
0.028051001821493626
0.030965391621129327
0.0273224043715847
0.02877959927140255
0.028051001821493626
0.02841530054644809
0.030965391621129327
0.027686703096539162
0.0273224043715847
0.026593806921675775
0.028051001821493626
0.0273224043715847
0.027686703096539162
0.0273224043715847
0.027052832590706555
0.028007638446849142
0.025779758115849778
0.02514322087842139
0.02673456397199236
0.025461489497135583
0.026098026734563972
0.02737110120942075
0.028325907065563337
0.030553787396562698
0.031826861871419476
0.03437301082113304
0.03214513049013367
0.028325907065563337
0.027052832590706555
0.028325907065563337
0.026098026734563972
0.028962444302991726
0.02991725015913431
0.02737110120942075
0.026098026734563972
0.026416295353278166
0.028007638446849142
0.02737110120942075
0.026416295353278166
0.02514322087842139
0.026416295353278166
0.025461489497135583
0.026416295353278166
0.028007638446849142
0.028962444302991726
0.030872056015276893
0.026098026734563972
0.028007638446849142
0.028962444302991726
0.026416295353278166
0.031406615436017374
0.03274306715669897
0.03274306715669897
0.03207484129635817
0.03274306715669897
0.032408954226528564
0.031072502505846977
0.028399599064483794
0.0273972602739726
0.0273972602739726
0.02639492148346141
0.025726695623120615
0.028733711994654194
0.02906782492482459
0.027731373204143
0.027063147343802205
0.02539258269295022
0.026729034413631808
0.02606080855329101
0.024724356832609422
0.025726695623120615
0.02505846976277982
0.02505846976277982
0.02539258269295022
0.027063147343802205
0.027063147343802205
0.027063147343802205
0.025726695623120615
0.031072502505846977
0.0273972602739726
0.02639492148346141
0.025726695623120615
0.02639492148346141
0.02539258269295022
0.025726695623120615
0.027731373204143
0.0366677388227726
0.03248633000964941
0.028304921196526216
0.03312962367320682
0.029269861691862336
0.028304921196526216
0.02991315535541975
0.027018333869411385
0.027339980701190092
0.02637504020585397
0.0276616275329688
0.026053393374075265
0.02637504020585397
0.02669668703763268
0.02669668703763268
0.026053393374075265
0.02669668703763268
0.025731746542296558
0.0276616275329688
0.027339980701190092
0.027018333869411385
0.0276616275329688
0.027339980701190092
0.027339980701190092
0.027339980701190092
0.027018333869411385
0.027339980701190092
0.028304921196526216
0.0276616275329688
0.02637504020585397
0.02669668703763268
0.02669668703763268
0.027018333869411385
0.02669668703763268
0.02669668703763268
0.027018333869411385
0.027938671209540033
0.028960817717206135
0.027938671209540033
0.02759795570698467
0.026916524701873935
0.028620102214650767
0.026575809199318567
0.029642248722316866
0.026575809199318567
0.027257240204429302
0.026575809199318567
0.026916524701873935
0.029642248722316866
0.027257240204429302
0.0282793867120954
0.028960817717206135
0.026235093696763204
0.026235093696763204
0.026235093696763204
0.026575809199318567
0.03986371379897785
0.02759795570698467
0.027257240204429302
0.026916524701873935
0.026235093696763204
0.02759795570698467
0.026235093696763204
0.025894378194207836
0.028620102214650767
0.027257240204429302
0.026916524701873935
0.027938671209540033
0.030664395229982964
0.026575809199318567
0.027938671209540033
0.02555366269165247
0.03532092669958223
0.03190277250284846
0.028864413216862894
0.03114318268135207
0.025066464109380935
0.025066464109380935
0.026205848841625523
0.026965438663121913
0.026965438663121913
0.025066464109380935
0.02544625902012913
0.025066464109380935
0.026205848841625523
0.026585643752373718
0.025826053930877325
0.028864413216862894
0.026965438663121913
0.02734523357387011
0.026965438663121913
0.02734523357387011
0.027725028484618306
0.026965438663121913
0.028864413216862894
0.027725028484618306
0.04633497911127991
0.027725028484618306
0.026965438663121913
0.025826053930877325
0.026585643752373718
0.025066464109380935
0.025066464109380935
0.02544625902012913
0.0284846183061147
0.026205848841625523
0.02924420812761109
0.026585643752373718
0.023532747377374538
0.026935072299404592
0.03005387014459881
0.028919761837255458
0.02721859937624043
0.02636801814573292
0.025233909838389565
0.026651545222568754
0.02750212645307627
0.026935072299404592
0.02466685568471789
0.025517436915225403
0.02863623476041962
0.025800963992061242
0.02721859937624043
0.028069180606747946
0.032889140912957186
0.02750212645307627
0.02863623476041962
0.02495038276155373
0.03260561383612135
0.027785653529912108
0.026651545222568754
0.02863623476041962
0.025800963992061242
0.026651545222568754
0.02721859937624043
0.031471505528778
0.03118797845194216
0.027785653529912108
0.030620924298270485
0.02721859937624043
0.026651545222568754
0.02721859937624043
0.030337397221434647
0.028919761837255458
0.028579513299377475
0.027164685908319185
0.027730616864742503
0.02801358234295416
0.027730616864742503
0.027447651386530842
0.026881720430107527
0.027447651386530842
0.027164685908319185
0.0311262026032824
0.027447651386530842
0.028862478777589132
0.028862478777589132
0.028296547821165818
0.02801358234295416
0.027730616864742503
0.027164685908319185
0.027164685908319185
0.027164685908319185
0.02659875495189587
0.027447651386530842
0.027447651386530842
0.028579513299377475
0.027447651386530842
0.02942840973401245
0.027447651386530842
0.027730616864742503
0.030560271646859084
0.02631578947368421
0.027164685908319185
0.028296547821165818
0.02659875495189587
0.02801358234295416
0.027164685908319185
0.027164685908319185
0.02659875495189587
0.031982942430703626
0.03326226012793177
0.04477611940298507
0.04093816631130064
0.02601279317697228
0.026439232409381664
0.0255863539445629
0.0255863539445629
0.0255863539445629
0.02515991471215352
0.02601279317697228
0.0255863539445629
0.02601279317697228
0.026439232409381664
0.027292110874200425
0.026439232409381664
0.026439232409381664
0.02601279317697228
0.027292110874200425
0.026439232409381664
0.026439232409381664
0.02814498933901919
0.026439232409381664
0.02814498933901919
0.027292110874200425
0.026439232409381664
0.027292110874200425
0.026439232409381664
0.027292110874200425
0.026439232409381664
0.02601279317697228
0.026865671641791045
0.02601279317697228
0.026865671641791045
0.026439232409381664
0.02814498933901919
0.03192204301075269
0.029905913978494625
0.030577956989247312
0.025537634408602152
0.026881720430107527
0.026881720430107527
0.027553763440860215
0.02721774193548387
0.027553763440860215
0.026881720430107527
0.026881720430107527
0.028225806451612902
0.026881720430107527
0.025201612903225805
0.027553763440860215
0.026881720430107527
0.027553763440860215
0.02889784946236559
0.026881720430107527
0.02721774193548387
0.02721774193548387
0.027553763440860215
0.03024193548387097
0.02788978494623656
0.028561827956989246
0.02721774193548387
0.026881720430107527
0.02721774193548387
0.02788978494623656
0.027553763440860215
0.02889784946236559
0.02788978494623656
0.026881720430107527
0.028225806451612902
0.02788978494623656
0.02889784946236559
0.03595255744996294
0.029651593773165306
0.032987398072646404
0.03446997776130467
0.030022238695329873
0.027798369162342476
0.023721275018532245
0.027057079318013343
0.02742772424017791
0.02631578947368421
0.025945144551519646
0.025945144551519646
0.027057079318013343
0.02631578947368421
0.027057079318013343
0.02742772424017791
0.028169014084507043
0.02742772424017791
0.026686434395848776
0.025945144551519646
0.027798369162342476
0.026686434395848776
0.025945144551519646
0.02742772424017791
0.027057079318013343
0.02928094885100074
0.027798369162342476
0.02742772424017791
0.024833209785025945
0.02557449962935508
0.02742772424017791
0.027798369162342476
0.027798369162342476
0.026686434395848776
0.02742772424017791
0.029651593773165306
0.028582770940849545
0.028582770940849545
0.02818578801111552
0.02739182215164748
0.026200873362445413
0.02739182215164748
0.02818578801111552
0.027788805081381502
0.02818578801111552
0.026597856292179436
0.03017070265978563
0.026994839221913456
0.02739182215164748
0.026994839221913456
0.02739182215164748
0.027788805081381502
0.026200873362445413
0.026597856292179436
0.03056768558951965
0.026994839221913456
0.027788805081381502
0.031758634378721715
0.031758634378721715
0.027788805081381502
0.02739182215164748
0.02818578801111552
0.026597856292179436
0.026597856292179436
0.026597856292179436
0.026597856292179436
0.02818578801111552
0.029376736800317587
0.026200873362445413
0.02818578801111552
0.02421595871377531
0.028582770940849545
0.029402466013278533
0.03161555485298767
0.027505532722099272
0.03066708820739804
0.02687322162503952
0.027189377173569396
0.025292443882390134
0.026557066076509643
0.026557066076509643
0.02687322162503952
0.026557066076509643
0.02877015491621878
0.027505532722099272
0.027821688270629148
0.027821688270629148
0.026240910527979767
0.027505532722099272
0.028137843819159025
0.027505532722099272
0.027505532722099272
0.026557066076509643
0.028137843819159025
0.027505532722099272
0.030350932658868162
0.027505532722099272
0.027505532722099272
0.027505532722099272
0.027505532722099272
0.028137843819159025
0.02687322162503952
0.03066708820739804
0.027505532722099272
0.027821688270629148
0.027821688270629148
0.027821688270629148
0.02687322162503952
0.02606469629974401
0.028624621829183152
0.026995578310449152
0.02420293227833372
0.043286013497789155
0.023970211775657436
0.02653013730509658
0.032348149872003726
0.025599255294391436
0.036537118920176866
0.039562485454968585
0.026995578310449152
0.02653013730509658
0.023272050267628578
0.025133814289038863
0.02583197579706772
0.03095182685594601
0.03095182685594601
0.024668373283686294
0.030486385850593437
0.030486385850593437
0.02420293227833372
0.02420293227833372
0.027926460321154294
0.02583197579706772
0.02420293227833372
0.02746101931580172
0.024435652781010005
0.02420293227833372
0.023970211775657436
0.026995578310449152
0.024668373283686294
0.02653013730509658
0.02536653479171515
0.03560623690947173
0.02536653479171515
0.02782608695652174
0.030608695652173914
0.027478260869565216
0.028521739130434782
0.027478260869565216
0.02782608695652174
0.028521739130434782
0.028869565217391303
0.029217391304347827
0.029217391304347827
0.027478260869565216
0.029217391304347827
0.02817391304347826
0.026782608695652174
0.027130434782608695
0.027130434782608695
0.027478260869565216
0.027478260869565216
0.02782608695652174
0.02782608695652174
0.027130434782608695
0.027478260869565216
0.02817391304347826
0.027130434782608695
0.02817391304347826
0.027478260869565216
0.028521739130434782
0.027130434782608695
0.027130434782608695
0.02782608695652174
0.027130434782608695
0.027478260869565216
0.02817391304347826
0.026434782608695653
0.026434782608695653
0.02608695652173913
0.027610008628127698
0.023295944779982744
0.029048029910842682
0.025884383088869714
0.02473396606269773
0.02559677883232672
0.030198446937014668
0.025309174575783723
0.030773655450100662
0.02300834052343975
0.02559677883232672
0.025309174575783723
0.031061259706643658
0.029335634167385678
0.027610008628127698
0.029335634167385678
0.02645959160195571
0.0273224043715847
0.02818521714121369
0.025884383088869714
0.03393730227207363
0.03163646821972965
0.027034800115041703
0.026747195858498704
0.025021570319240724
0.02645959160195571
0.03307448950244463
0.03192407247627265
0.029335634167385678
0.025309174575783723
0.029048029910842682
0.029335634167385678
0.029623238423928673
0.02559677883232672
0.02818521714121369
0.026171987345412713
0.02875727490585416
0.02670318384115029
0.025676138308798356
0.03355015405682985
0.025676138308798356
0.027387880862718247
0.026360835330366313
0.027387880862718247
0.026360835330366313
0.026360835330366313
0.03046901745977405
0.02670318384115029
0.029784320438206092
0.02875727490585416
0.026018486819582336
0.025676138308798356
0.029784320438206092
0.02670318384115029
0.030126668948990073
0.026360835330366313
0.02841492639507018
0.025676138308798356
0.025676138308798356
0.02670318384115029
0.027730229373502224
0.027387880862718247
0.031496062992125984
0.026360835330366313
0.027387880862718247
0.028072577884286205
0.027730229373502224
0.027730229373502224
0.030126668948990073
0.027387880862718247
0.030126668948990073
0.027387880862718247
0.029227557411273485
0.027487821851078637
0.028183716075156576
0.027835768963117607
0.026443980514961725
0.030271398747390398
0.027835768963117607
0.027835768963117607
0.027487821851078637
0.027139874739039668
0.027487821851078637
0.027487821851078637
0.028879610299234516
0.027487821851078637
0.027487821851078637
0.026791927627000695
0.028531663187195546
0.028879610299234516
0.029227557411273485
0.028183716075156576
0.027139874739039668
0.026443980514961725
0.026791927627000695
0.028879610299234516
0.028183716075156576
0.028183716075156576
0.028183716075156576
0.027139874739039668
0.029227557411273485
0.026791927627000695
0.028183716075156576
0.026791927627000695
0.026443980514961725
0.027487821851078637
0.026791927627000695
0.027139874739039668
0.04165381055229867
0.051218759642085776
0.03825979635914841
0.03795124961431657
0.024683739586547362
0.02591792656587473
0.024683739586547362
0.024683739586547362
0.02622647331070657
0.02591792656587473
0.028694847269361307
0.026843566800370255
0.025609379821042888
0.026535020055538414
0.02622647331070657
0.02622647331070657
0.026843566800370255
0.025300833076211046
0.02622647331070657
0.02591792656587473
0.02622647331070657
0.02591792656587473
0.02591792656587473
0.02437519284171552
0.025609379821042888
0.024992286331379204
0.025300833076211046
0.026843566800370255
0.02591792656587473
0.02622647331070657
0.02591792656587473
0.02591792656587473
0.028694847269361307
0.02591792656587473
0.024992286331379204
0.025609379821042888
0.02507076425394258
0.027092600080873434
0.027496967246259604
0.027092600080873434
0.027496967246259604
0.028710068742418115
0.026283865750101092
0.027092600080873434
0.027496967246259604
0.029518803073190457
0.026283865750101092
0.02547513141932875
0.02466639708855641
0.028710068742418115
0.027496967246259604
0.027901334411645773
0.029518803073190457
0.027092600080873434
0.027092600080873434
0.02668823291548726
0.02668823291548726
0.027496967246259604
0.027496967246259604
0.028305701577031946
0.027901334411645773
0.027092600080873434
0.027092600080873434
0.029518803073190457
0.029518803073190457
0.030731904569348968
0.029923170238576626
0.027496967246259604
0.028305701577031946
0.03234937323089365
0.029114435907804288
0.02668823291548726
0.028607356177302735
0.02703552342030808
0.027978623074504872
0.026406790317510215
0.02703552342030808
0.02672115686890915
0.02734988997170701
0.02672115686890915
0.027978623074504872
0.027664256523105942
0.027664256523105942
0.028607356177302735
0.0292360892801006
0.02672115686890915
0.02703552342030808
0.028292989625903806
0.028607356177302735
0.02955045583149953
0.02955045583149953
0.028607356177302735
0.027978623074504872
0.028607356177302735
0.028292989625903806
0.02703552342030808
0.028292989625903806
0.027664256523105942
0.027978623074504872
0.0292360892801006
0.028292989625903806
0.027664256523105942
0.025778057214712356
0.028292989625903806
0.026406790317510215
0.027664256523105942
0.026092423766111286
0.02734988997170701
0.029411764705882353
0.026631548141644718
0.026777875329236173
0.03204565408252853
0.026485220954053264
0.026924202516827627
0.02868012876792508
0.028241147205150717
0.029411764705882353
0.028826455955516535
0.027948492829967808
0.02897278314310799
0.029411764705882353
0.027216856892010536
0.02838747439274217
0.026631548141644718
0.028533801580333626
0.026192566578870355
0.030436055019022534
0.029265437518290898
0.0276558384547849
0.026192566578870355
0.024875621890547265
0.025607257828504537
0.02707052970441908
0.024875621890547265
0.025899912203687446
0.027509511267193445
0.028094820017559263
0.02575358501609599
0.02868012876792508
0.02048580626280363
0.023266022827041263
0.021949078138718173
0.036728124085455074
0.038923031899326895
0.022056207755247245
0.03237282106012095
0.02454642475987193
0.030949839914621132
0.026680896478121666
0.03450729277837069
0.02774813233724653
0.028103877623621487
0.02632515119174671
0.02774813233724653
0.026680896478121666
0.028459622909996443
0.03023834934187122
0.02632515119174671
0.02454642475987193
0.030594094628246176
0.029171113482746355
0.028459622909996443
0.031305585200996085
0.029526858769121308
0.030594094628246176
0.028103877623621487
0.03166133048737104
0.028103877623621487
0.028103877623621487
0.024902170046246886
0.027392387050871575
0.03344005691924582
0.02454642475987193
0.024902170046246886
0.025257915332621842
0.025257915332621842
0.025613660618996798
0.02774813233724653
0.02312344361437211
0.024902170046246886
0.03940455341506129
0.021891418563922942
0.03327495621716287
0.019702276707530646
0.021015761821366025
0.03502626970227671
0.021015761821366025
0.01838879159369527
0.0223292469352014
0.01882661996497373
0.021015761821366025
0.023204903677758317
0.021453590192644482
0.021015761821366025
0.08493870402802102
0.02276707530647986
0.03371278458844133
0.02933450087565674
0.028021015761821366
0.023204903677758317
0.021891418563922942
0.021015761821366025
0.02276707530647986
0.017513134851138354
0.019702276707530646
0.028458844133099823
0.027583187390542906
0.03239929947460595
0.0297723292469352
0.03064798598949212
0.02714535901926445
0.04859894921190893
0.03239929947460595
0.02626970227670753
0.028021015761821366
0.02626970227670753
0.028037383177570093
0.024922118380062305
0.023883696780893044
0.0264797507788162
0.024402907580477674
0.02336448598130841
0.02596053997923157
0.024922118380062305
0.02336448598130841
0.02336448598130841
0.03167185877466251
0.027518172377985463
0.02336448598130841
0.02284527518172378
0.023883696780893044
0.024402907580477674
0.023883696780893044
0.024922118380062305
0.024922118380062305
0.028037383177570093
0.024922118380062305
0.027518172377985463
0.03167185877466251
0.03426791277258567
0.03271028037383177
0.029595015576323987
0.04101765316718588
0.03997923156801662
0.03115264797507788
0.03374870197300104
0.03167185877466251
0.024922118380062305
0.02596053997923157
0.02699896157840083
0.02336448598130841
0.036344755970924195
0.03794442784583209
0.027487302061547654
0.02868240215118016
0.030773827308037047
0.0313713773528533
0.02987750224081267
0.025694651927098893
0.0268897520167314
0.02718852703913953
0.027487302061547654
0.027786077083955783
0.030475052285628922
0.02599342694950702
0.027786077083955783
0.02718852703913953
0.03555422766656707
0.029279952195996415
0.02868240215118016
0.02868240215118016
0.02718852703913953
0.028383627128772036
0.029279952195996415
0.02599342694950702
0.03286525246489393
0.028383627128772036
0.0268897520167314
0.003884075291305647
0.031072602330445176
0.02718852703913953
0.02718852703913953
0.024798326859874514
0.02599342694950702
0.024798326859874514
0.030176277263220794
0.025694651927098893
0.025395876904690768
0
0
0
0
0
0
0
0
0
0
0
0
0
0
0
0
0
0
0
0
0
0
0
0
0
0
0
0
0
0
0
0
0
0
0
0
0.03419193070435377
0.03419193070435377
0.031000683838614086
0.03191246865739685
0.029633006610439935
0.029633006610439935
0.030544791429222704
0.03305219968087531
0.03396398449965808
0.028493275586961478
0.029633006610439935
0.03419193070435377
0.030544791429222704
0.028493275586961478
0.027353544563483018
0.027353544563483018
0.025757921130613176
0.026213813540004557
0.029633006610439935
0.027353544563483018
0.027125598358787327
0.026669705949395942
0.029633006610439935
0.027353544563483018
0.02393435149304764
0.026213813540004557
0.024618190107134716
0.024846136311830407
0.0250740825165261
0.023250512878960565
0.02416229769774333
0.023478459083656256
0.021882835650786414
0.021882835650786414
0.021654889446090723
0.0250740825165261
0.029971791255289138
0.02468265162200282
0.03067700987306065
0.028208744710860368
0.028208744710860368
0.026445698166431594
0.02609308885754584
0.025740479548660086
0.023977433004231313
0.0232722143864598
0.028913963328631876
0.02468265162200282
0.025035260930888575
0.025035260930888575
0.02468265162200282
0.02468265162200282
0.03526093088857546
0.028913963328631876
0.02468265162200282
0.02468265162200282
0.026445698166431594
0.022919605077574047
0.02221438645980254
0.022919605077574047
0.07052186177715092
0.028561354019746122
0.026445698166431594
0.027503526093088856
0.0232722143864598
0.024330042313117067
0.02468265162200282
0.02468265162200282
0.02468265162200282
0.022919605077574047
0.04231311706629055
0.03173483779971791
0.0280014000700035
0.04200210010500525
0.03535176758837942
0.02590129506475324
0.02520126006300315
0.04410220511025551
0.02520126006300315
0.02590129506475324
0.026601330066503327
0.026601330066503327
0.026251312565628283
0.027301365068253414
0.02590129506475324
0.026251312565628283
0.027651382569128455
0.026601330066503327
0.026601330066503327
0.02695134756737837
0.0280014000700035
0.02695134756737837
0.024851242562128107
0.02590129506475324
0.0280014000700035
0.0280014000700035
0.027301365068253414
0.027301365068253414
0.026251312565628283
0.02695134756737837
0.026251312565628283
0.02695134756737837
0.025551277563878195
0.026601330066503327
0.02975148757437872
0.024851242562128107
0.026251312565628283
0.02590129506475324
0
0
0
0
0
0
0
0
0
0
0
0
0
0
0
0
0
0
0
0
0
0
0
0
0
0
0
0
0
0
0
0
0
0
0
0
0.02720114531138153
0.026843235504652826
0.026485325697924122
0.025769506084466716
0.02863278453829635
0.026485325697924122
0.026843235504652826
0.025769506084466716
0.026843235504652826
0.026843235504652826
0.026843235504652826
0.026485325697924122
0.026127415891195417
0.02541159627773801
0.026127415891195417
0.025053686471009307
0.025053686471009307
0.025053686471009307
0.02934860415175376
0.02720114531138153
0.026127415891195417
0.02541159627773801
0.02541159627773801
0.04294917680744453
0.030064423765211165
0.029706513958482464
0.02863278453829635
0.026485325697924122
0.03042233357193987
0.03221188260558339
0.04187544738725841
0.02541159627773801
0.02541159627773801
0.026127415891195417
0.028274874731567645
0.025053686471009307
0
0
0
0
0
0
0
0
0
0
0
0
0
0
0
0
0
0
0
0
0
0
0
0
0
0
0
0
0
0
0
0
0
0
0
0
0
0
0
0
0
0
0
0
0
0
0
0
0
0
0
0
0
0
0
0
0
0
0
0
0
0
0
0
0
0
0
0
0
0
0
0
0.02597799511002445
0.027811735941320293
0.025366748166259168
0.03178484107579462
0.025366748166259168
0.024755501222493887
0.033312958435207825
0.02597799511002445
0.03698044009779951
0.02506112469437653
0.04584352078239609
0.025366748166259168
0.025366748166259168
0.026589242053789732
0.026589242053789732
0.02597799511002445
0.027811735941320293
0.02628361858190709
0.034229828850855744
0.028422982885085574
0.024755501222493887
0.030562347188264057
0.025366748166259168
0.02750611246943765
0.02597799511002445
0.02628361858190709
0.02567237163814181
0.029951100244498777
0.025366748166259168
0.02567237163814181
0.02689486552567237
0.02628361858190709
0.029034229828850854
0.02506112469437653
0.025366748166259168
0.025366748166259168
0.026891252955082743
0.028959810874704492
0.025118203309692673
0.030141843971631204
0.03250591016548463
0.024231678486997636
0.051713947990543734
0.03339243498817967
0.028368794326241134
0.02364066193853428
0.026891252955082743
0.0274822695035461
0.030437352245862883
0.02541371158392435
0.026891252955082743
0.02364066193853428
0.02955082742316785
0.024231678486997636
0.025709219858156027
0.02541371158392435
0.0274822695035461
0.025709219858156027
0.025709219858156027
0.024527186761229315
0.02541371158392435
0.023936170212765957
0.024527186761229315
0.028959810874704492
0.02304964539007092
0.03546099290780142
0.02364066193853428
0.026891252955082743
0.034574468085106384
0.026300236406619385
0.02364066193853428
0.02955082742316785
0.06688305301465526
0.06521097668928888
0.02567128946591915
0.030884233303826104
0.024294285433264482
0.023507425986033243
0.02321235369332153
0.0287203698239402
0.02439264286416839
0.024786072587784008
0.0245893577259762
0.0245893577259762
0.027441723222189435
0.02439264286416839
0.028031867807612864
0.02488443001868791
0.0245893577259762
0.02606471918953477
0.028425297531228483
0.026359791482246483
0.02527785974230353
0.02547457460411134
0.025769646896823054
0.025572932035015244
0.025966361758630863
0.02527785974230353
0.024294285433264482
0.0245893577259762
0.02852365496213239
0.024294285433264482
0.0246877151568801
0.025769646896823054
0.02488443001868791
0.024491000295072292
0.02380249827874496
0.02439264286416839
0.02784698812838927
0.035907958376080906
0.023743221456837167
0.028726366700864724
0.03414920123113
0.02975230836875275
0.035614832185255754
0.027993551223801847
0.026821046460501246
0.02667448336508867
0.029605745273340173
0.026234794078850945
0.031950754799941375
0.03370951194489227
0.023743221456837167
0.026527920269676094
0.026967609555913822
0.028579803605452148
0.023156969075186867
0.025648541697200645
0.034882016708192874
0.027407298842151546
0.024769163124725196
0.024476036933900044
0.031071376227465926
0.02550197860178807
0.025355415506375496
0.057159607210904295
0.023596658361424595
0.02403634764766232
0.02345009526601202
0.021984464311886266
0.022570716693536566
0.01919976549904734
0.019639454785285067
0.02154477502564854
0.02331390507910075
0.026644462947543714
0.0466278101582015
0.05537052456286428
0.017485428809325562
0.033721898417985015
0.030807660283097418
0.019567027477102414
0.019567027477102414
0.01498751040799334
0.02373022481265612
0.06244796003330558
0.018734388009991675
0.024562864279766863
0.017485428809325562
0.021232306411323898
0.03455453788509576
0.04121565362198168
0.07327227310574522
0.04704412989175687
0.03122398001665279
0.030807660283097418
0.017901748542880933
0.017901748542880933
0.020399666944213156
0.01706910907577019
0.01623646960865945
0.021232306411323898
0.04537885095753539
0.014571190674437969
0.019150707743547043
0.015403830141548709
0.01706910907577019
0.03122398001665279
0.01665278934221482
0.015403830141548709
0.020564042303172738
0.024676850763807285
0.025851938895417155
0.03672150411280846
0.02526439482961222
0.023207990599294948
0.02438307873090482
0.02379553466509988
0.0282021151586369
0.02438307873090482
0.02379553466509988
0.023501762632197415
0.023501762632197415
0.031139835487661575
0.024676850763807285
0.02526439482961222
0.02497062279670975
0.023207990599294948
0.07050528789659224
0.04935370152761457
0.03202115158636898
0.023207990599294948
0.023501762632197415
0.023207990599294948
0.03965922444183314
0.02408930669800235
0.035840188014101056
0.024676850763807285
0.02379553466509988
0.02438307873090482
0.02379553466509988
0.02438307873090482
0.025851938895417155
0.02408930669800235
0.02790834312573443
0.02262044653349001
0.028292181069958847
0.029320987654320986
0.027777777777777776
0.028292181069958847
0.029835390946502057
0.027777777777777776
0.026748971193415638
0.028292181069958847
0.02726337448559671
0.026748971193415638
0.028292181069958847
0.027777777777777776
0.028292181069958847
0.027777777777777776
0.02880658436213992
0.03909465020576132
0.023148148148148147
0.043209876543209874
0.02880658436213992
0.030864197530864196
0.024691358024691357
0.024691358024691357
0.025205761316872428
0.02417695473251029
0.025205761316872428
0.024691358024691357
0.026748971193415638
0.026234567901234566
0.02726337448559671
0.025205761316872428
0.025205761316872428
0.024691358024691357
0.02880658436213992
0.025205761316872428
0.0257201646090535
0.029835390946502057
0.0347661188369153
0.03286978508217446
0.029393173198482933
0.029077117572692796
0.025284450063211124
0.025600505689001265
0.025916561314791402
0.025600505689001265
0.033185840707964605
0.025600505689001265
0.025284450063211124
0.025916561314791402
0.024968394437420986
0.025284450063211124
0.024968394437420986
0.026232616940581543
0.03034134007585335
0.025284450063211124
0.04108723135271808
0.02654867256637168
0.02307206068268015
0.03792667509481669
0.025916561314791402
0.02718078381795196
0.024968394437420986
0.02465233881163085
0.024336283185840708
0.029077117572692796
0.02402022756005057
0.02465233881163085
0.02370417193426043
0.024336283185840708
0.029393173198482933
0.025284450063211124
0.04424778761061947
0.02402022756005057
0.03729678036340452
0.02996493465094039
0.021676761236850493
0.01912655403251514
0.02327064073956009
0.02263308893847625
0.0334714695569015
0.0468600573796621
0.02327064073956009
0.05323557539050048
0.03729678036340452
0.02964615875039847
0.020401657634682817
0.01944532993305706
0.01976410583359898
0.04877271278291361
0.023908192540643927
0.02231431303793433
0.032196365954733824
0.020401657634682817
0.0334714695569015
0.025502072043353523
0.02263308893847625
0.051322919987248965
0.031240038253108064
0.03761555626394644
0.020082881734140898
0.01976410583359898
0.020720433535224736
0.031240038253108064
0.020082881734140898
0.018489002231431302
0.02263308893847625
0.01912655403251514
0.01880777813197322
0.02231431303793433
0.026436197254702594
0.027707168276563294
0.02364006100660905
0.02440264361972547
0.02592780884595831
0.032791052364006104
0.02389425521098119
0.02364006100660905
0.04778851042196238
0.022623284189120487
0.02364006100660905
0.04245043213014743
0.02541942043721403
0.027961362480935434
0.027961362480935434
0.03304524656837824
0.03863751906456533
0.023131672597864767
0.027198779867819014
0.03762074224707677
0.023131672597864767
0.02440264361972547
0.022369089984748347
0.022369089984748347
0.023131672597864767
0.02491103202846975
0.021098118962887647
0.021352313167259787
0.027198779867819014
0.05236400610066091
0.02364006100660905
0.026182003050330454
0.022623284189120487
0.02414844941535333
0.03202846975088968
0.023131672597864767
0.035813768404297654
0.02825308396339037
0.02586549940310386
0.02626343016315161
0.024671707122960605
0.024671707122960605
0.03064066852367688
0.024273776362912853
0.031436530043772386
0.025069637883008356
0.023079984082769598
0.023079984082769598
0.024671707122960605
0.0238758456028651
0.024273776362912853
0.0238758456028651
0.024273776362912853
0.03103859928372463
0.024671707122960605
0.025467568643056108
0.030242737763629127
0.04178272980501393
0.03302825308396339
0.02865101472343812
0.025069637883008356
0.02586549940310386
0.02626343016315161
0.027457222443294866
0.02626343016315161
0.05013927576601671
0.025467568643056108
0.026661360923199363
0.027059291683247114
0.02865101472343812
0.025467568643056108
0.026661360923199363
0.025703794369645042
0.026621787025703794
0.02968176254589963
0.026009791921664627
0.026009791921664627
0.031211750305997554
0.025703794369645042
0.02631578947368421
0.02539779681762546
0.025091799265605876
0.02631578947368421
0.02478580171358629
0.02631578947368421
0.025091799265605876
0.02478580171358629
0.06211750305997552
0.02539779681762546
0.02478580171358629
0.046511627906976744
0.04130966952264382
0.026621787025703794
0.026009791921664627
0.02478580171358629
0.02386780905752754
0.026009791921664627
0.02539779681762546
0.025091799265605876
0.02447980416156671
0.024173806609547124
0.02386780905752754
0.024173806609547124
0.02447980416156671
0.025091799265605876
0.024173806609547124
0.032129742962056305
0.02447980416156671
0.025908278737343658
0.01816557474687314
0.024121500893388922
0.01786777843954735
0.019058963668850508
0.03186420488385944
0.019058963668850508
0.02114353782013103
0.01876116736152472
0.022632519356759976
0.04050029779630732
0.01876116736152472
0.027099463966646812
0.023228111971411555
0.059261465157832045
0.05955926146515783
0.026503871351995237
0.027099463966646812
0.02054794520547945
0.019952352590827872
0.02054794520547945
0.016974389517569983
0.016081000595592615
0.01756998213222156
0.028886241810601548
0.02025014889815366
0.04228707564026206
0.021739130434782608
0.01786777843954735
0.03424657534246575
0.02858844550327576
0.050327575938058366
0.05270994639666468
0.04198927933293627
0.0273972602739726
0.02144133412745682
0.024052478134110787
0.014941690962099125
0.021865889212827987
0.03279883381924198
0.019314868804664723
0.014941690962099125
0.014212827988338192
0.02077259475218659
0.014577259475218658
0.014212827988338192
0.04263848396501458
0.013848396501457727
0.017128279883381923
0.02879008746355685
0.013848396501457727
0.013848396501457727
0.017128279883381923
0.014941690962099125
0.029154518950437316
0.07470845481049562
0.03389212827988338
0.014941690962099125
0.014577259475218658
0.10932944606413994
0.014212827988338192
0.04263848396501458
0.014941690962099125
0.018221574344023325
0.012026239067055394
0.012755102040816327
0.01858600583090379
0.01129737609329446
0.05612244897959184
0.11807580174927114
0.034256559766763846
0.01639941690962099
0.026372059871703494
0.02565930149679259
0.026372059871703494
0.02993585174625802
0.045616535994297935
0.026372059871703494
0.03349964362081254
0.03349964362081254
0.02993585174625802
0.030648610121168925
0.026372059871703494
0.0270848182466144
0.022808267997148968
0.023521026372059873
0.022808267997148968
0.06343549536707056
0.024233784746970778
0.024233784746970778
0.022808267997148968
0.024233784746970778
0.024946543121881683
0.029223093371347115
0.024946543121881683
0.02565930149679259
0.026372059871703494
0.026372059871703494
0.024946543121881683
0.024946543121881683
0.027797576621525304
0.026372059871703494
0.024233784746970778
0.024233784746970778
0.02565930149679259
0.024946543121881683
0.024233784746970778
0.02565930149679259
0.01917211328976035
0.020043572984749455
0.022222222222222223
0.018736383442265796
0.026579520697167756
0.01917211328976035
0.03442265795206972
0.06797385620915032
0.038779956427015254
0.020479302832244008
0.046623093681917215
0.040522875816993466
0.03398692810457516
0.021350762527233117
0.023529411764705882
0.018736383442265796
0.02309368191721133
0.05359477124183006
0.021350762527233117
0.02091503267973856
0.02309368191721133
0.04226579520697168
0.020043572984749455
0.026579520697167756
0.018300653594771243
0.01917211328976035
0.05403050108932462
0.020043572984749455
0.04139433551198257
0.0196078431372549
0.020043572984749455
0.020479302832244008
0.02483660130718954
0.020043572984749455
0.01917211328976035
0.0196078431372549
0.025749674054758802
0.022490221642764017
0.04758800521512386
0.024119947848761408
0.025749674054758802
0.024119947848761408
0.021838331160365057
0.023142112125162973
0.022816166883963495
0.025097783572359842
0.021838331160365057
0.03455019556714472
0.022490221642764017
0.029661016949152543
0.022490221642764017
0.029335071707953065
0.02346805736636245
0.07040417209908735
0.026401564537157758
0.02379400260756193
0.02346805736636245
0.02216427640156454
0.025749674054758802
0.029009126466753587
0.03455019556714472
0.023142112125162973
0.023142112125162973
0.03585397653194263
0.041720990873533245
0.024445893089960886
0.02803129074315515
0.02151238591916558
0.03389830508474576
0.024119947848761408
0.020534550195567144
0.02151238591916558
0.017861180194438164
0.03730499660863667
0.01763508930590097
0.018313361971512548
0.020348179968347275
0.018991634637124125
0.020122089079810085
0.019217725525661315
0.017182907528826587
0.02057427085688447
0.035496269500339135
0.02125254352249604
0.01876554374858693
0.03956590549400859
0.01989599819127289
0.03233099706081845
0.02667872484738865
0.028713542844223377
0.04951390458964504
0.022156907076644812
0.02916572462129776
0.025096088627628306
0.02554827040470269
0.0449920868189012
0.033235360614967215
0.04747908659281031
0.03911372371693421
0.045896450373049964
0.017861180194438164
0.01853945286004974
0.020122089079810085
0.027583088401537417
0.028487451955686187
0.04182681437938051
0.0196699073027357
0.03346145150350441
