[19, 6, 6]
[12, 12, 7]
[9, 16, 6]
[8, 3, 20]
[15, 11, 5]
[6, 24, 1]
[6, 23, 2]
[7, 2, 22]
[10, 16, 5]
[8, 2, 21]
[13, 13, 5]
[8, 21, 2]
[14, 1, 16]
[15, 15, 1]

[8, 20, 3]
[12, 17, 2]
[13, 12, 6]
[16, 11, 4]
[18, 11, 2]
[6, 23, 2]
[22, 3, 6]
[11, 15, 5]
[15, 14, 2]
[19, 5, 7]
[14, 5, 12]
[14, 10, 7]
[15, 8, 8]
[19, 7, 5]
[24, 4, 3]
[11, 19, 1]
[17, 10, 4]
[11, 10, 10]
[17, 12, 2]
[11, 18, 2]
[9, 3, 19]
[13, 8, 10]
[6, 1, 24]
[15, 1, 15]
[14, 15, 2]
[12, 4, 15]
[19, 9, 3]
[17, 9, 5]
[5, 21, 5]
[17, 6, 8]
[13, 5, 13]
[14, 16, 1]
[8, 18, 5]
[10, 8, 13]
[16, 6, 9]
[16, 9, 6]
