0.08571428571428572
0.08648648648648649
0.06254826254826255
0.0833976833976834
0.08108108108108109
0.08108108108108109
0.06177606177606178
0.08185328185328185
0.06409266409266409
0.05405405405405406
0.06409266409266409
0.06486486486486487
0.06718146718146718
0.06177606177606178
0
0
0
0
0
0
0
0
0
0
0
0
0
0
0
0
0
0
0
0
0
0
0
0
0
0
0
0
0
0
0
0
0
0
0
0
0
0
0
0
0
0
0.07416462917685411
0.07416462917685411
0.07253463732681337
0.07008964955175224
0.07008964955175224
0.07008964955175224
0.07253463732681337
0.061124694376528114
0.07579462102689487
0.06845965770171149
0.07253463732681337
0.07090464547677261
0.06682966585167074
0.08068459657701711
0.06120760959470637
0.06865177832919768
0.06947890818858561
0.06617038875103391
0.06617038875103391
0.06947890818858561
0.07196029776674938
0.06947890818858561
0.06699751861042183
0.076095947063689
0.10587262200165426
0.06947890818858561
0.06782464846980976
0.07113316790736146
0.07783543365455893
0.06300963676797627
0.07116382505559674
0.06968124536693847
0.072646404744255
0.0681986656782802
0.07338769458858414
0.07412898443291327
0.07042253521126761
0.07338769458858414
0.07116382505559674
0.07412898443291327
0.07190511489992588
0.06893995552260934
0.06870860927152318
0.07201986754966887
0.0728476821192053
0.07864238410596026
0.07036423841059603
0.06788079470198675
0.06870860927152318
0.0695364238410596
0.07698675496688742
0.07533112582781457
0.07119205298013245
0.07450331125827815
0.062086092715231786
0.07119205298013245
0.06259541984732825
0.06870229007633588
0.0717557251908397
0.07099236641221374
0.07404580152671755
0.06717557251908397
0.07099236641221374
0.07633587786259542
0.06870229007633588
0.07404580152671755
0.07557251908396946
0.07557251908396946
0.07404580152671755
0.06946564885496183
0.0831275720164609
0.0691358024691358
0.06831275720164609
0.06419753086419754
0.06502057613168724
0.06831275720164609
0.07078189300411522
0.07078189300411522
0.0691358024691358
0.06584362139917696
0.08559670781893004
0.06502057613168724
0.07242798353909465
0.0823045267489712
0.0692167577413479
0.07468123861566485
0.07285974499089254
0.07285974499089254
0.07103825136612021
0.06739526411657559
0.06648451730418943
0.08469945355191257
0.06375227686703097
0.07650273224043716
0.07285974499089254
0.06284153005464481
0.075591985428051
0.0692167577413479
0.08215962441314555
0.08215962441314555
0.06807511737089202
0.06807511737089202
0.05868544600938967
0.05868544600938967
0.06259780907668232
0.06807511737089202
0.08685446009389672
0.06651017214397496
0.07120500782472614
0.07276995305164319
0.081377151799687
0.07276995305164319
0.08434782608695653
0.07217391304347825
0.06173913043478261
0.06956521739130435
0.0782608695652174
0.06869565217391305
0.059130434782608696
0.06521739130434782
0.06347826086956522
0.07739130434782608
0.07304347826086957
0.08260869565217391
0.07304347826086957
0.07130434782608695
0.07216494845360824
0.07216494845360824
0.06995581737849779
0.06848306332842416
0.06995581737849779
0.07216494845360824
0.06774668630338733
0.06995581737849779
0.08689248895434462
0.06701030927835051
0.06701030927835051
0.07216494845360824
0.0662739322533137
0.0780559646539028
0.07627118644067797
0.07372881355932204
0.07372881355932204
0.07966101694915254
0.06779661016949153
0.0711864406779661
0.06864406779661017
0.07457627118644068
0.06779661016949153
0.06779661016949153
0.06440677966101695
0.0847457627118644
0.0635593220338983
0.06610169491525424
0.07319391634980989
0.06844106463878327
0.07034220532319392
0.07034220532319392
0.06939163498098859
0.0655893536121673
0.07129277566539924
0.06844106463878327
0.06749049429657794
0.0741444866920152
0.06939163498098859
0.0817490494296578
0.06844106463878327
0.0817490494296578
0.05903527717782577
0.0755939524838013
0.07127429805615551
0.06911447084233262
0.06911447084233262
0.06695464362850972
0.0755939524838013
0.0734341252699784
0.06983441324694024
0.0734341252699784
0.0755939524838013
0.07199424046076314
0.07631389488840892
0.07271418286537078
0.06818181818181818
0.078125
0.07244318181818182
0.06889204545454546
0.07315340909090909
0.07244318181818182
0.0703125
0.07315340909090909
0.06818181818181818
0.07102272727272728
0.06960227272727272
0.07102272727272728
0.06676136363636363
0.07670454545454546
0.06896551724137931
0.09090909090909091
0.06478578892371996
0.07210031347962383
0.06269592476489028
0.08568443051201671
0.06792058516196448
0.06583072100313479
0.06687565308254964
0.06896551724137931
0.06792058516196448
0.06374085684430512
0.0877742946708464
0.06583072100313479
0.07294117647058823
0.07529411764705882
0.08627450980392157
0.06196078431372549
0.0611764705882353
0.06745098039215686
0.08313725490196078
0.07607843137254902
0.08627450980392157
0.06588235294117648
0.06666666666666667
0.06745098039215686
0.06352941176470588
0.06588235294117648
0.06157635467980296
0.07307060755336617
0.07471264367816093
0.08702791461412152
0.06486042692939245
0.06732348111658457
0.07717569786535304
0.06239737274220033
0.06157635467980296
0.0665024630541872
0.06732348111658457
0.07060755336617405
0.08538587848932677
0.08045977011494253
0.059422750424448216
0.06112054329371817
0.06451612903225806
0.08743633276740238
0.08404074702886248
0.0432937181663837
0.09422750424448217
0.0899830220713073
0.11035653650254669
0.06451612903225806
0.07385398981324279
0.056876061120543296
0.05432937181663837
0.05602716468590832
0.07827476038338659
0.0742811501597444
0.06789137380191693
0.07907348242811502
0.07188498402555911
0.07268370607028754
0.06389776357827476
0.0670926517571885
0.07348242811501597
0.07188498402555911
0.07268370607028754
0.06869009584664537
0.0670926517571885
0.07108626198083066
0.060570071258907364
0.08076009501187649
0.07244655581947744
0.07719714964370546
0.06294536817102138
0.07957244655581948
0.07066508313539192
0.09501187648456057
0.05819477434679335
0.07125890736342043
0.06472684085510688
0.058788598574821854
0.05997624703087886
0.08788598574821853
0.0728
0.0368
0.0672
0.076
0.0736
0.0744
0.0776
0.0704
0.0696
0.0816
0.0752
0.068
0.0824
0.0744
0.06759443339960239
0.0682571239231279
0.09940357852882704
0.0636182902584493
0.07687210072895957
0.09609012591119948
0.08084824387011266
0.08681245858184228
0.06494367130550033
0.05632869449966865
0.05632869449966865
0.062292909211398274
0.05964214711729622
0.06096752816434725
0.06884377758164166
0.06796116504854369
0.07237422771403354
0.07590467784642542
0.07766990291262135
0.07413945278022947
0.06884377758164166
0.06884377758164166
0.0706090026478376
0.07413945278022947
0.06972639011473963
0.06884377758164166
0.07325684024713151
0.06884377758164166
0.07391304347826087
0.06695652173913043
0.07478260869565218
0.07043478260869565
0.07304347826086957
0.07043478260869565
0.07391304347826087
0.07304347826086957
0.07130434782608695
0.07130434782608695
0.07043478260869565
0.07391304347826087
0.06434782608695652
0.07217391304347825
0.06869565217391305
0.0782608695652174
0.06608695652173913
0.0791304347826087
0.06695652173913043
0.06956521739130435
0.09391304347826086
0.07130434782608695
0.04869565217391304
0.07043478260869565
0.06695652173913043
0.07217391304347825
0.07739130434782608
0.07043478260869565
0.10325581395348837
0.07813953488372093
0.0827906976744186
0.07255813953488371
0.06604651162790698
0.06697674418604652
0.06883720930232558
0.06604651162790698
0.06790697674418604
0.0586046511627907
0.06790697674418604
0.06790697674418604
0.06511627906976744
0.06790697674418604
0.06590038314176246
0.06513409961685823
0.07049808429118774
0.06896551724137931
0.0743295019157088
0.06973180076628352
0.07662835249042145
0.07816091954022988
0.06973180076628352
0.06973180076628352
0.07662835249042145
0.07126436781609195
0.06973180076628352
0.0735632183908046
0.07646356033452807
0.07168458781362007
0.0677021107128634
0.07168458781362007
0.07048984468339307
0.06610911987256073
0.06969334926324174
0.06929510155316607
0.06929510155316607
0.0724810832337714
0.07686180804460374
0.07208283552369574
0.0736758263639984
0.0724810832337714
0.0378657487091222
0.02108433734939759
0.02710843373493976
0.1703958691910499
0.1751290877796902
0.16351118760757316
0.16222030981067126
0.06325301204819277
0.01721170395869191
0.031841652323580036
0.026247848537005163
0.02710843373493976
0.045180722891566265
0.031841652323580036
0.07386363636363637
0.08352272727272728
0.02215909090909091
0.11420454545454546
0.08522727272727272
0.06306818181818181
0.09204545454545454
0.04943181818181818
0.07102272727272728
0.07954545454545454
0.16477272727272727
0.056818181818181816
0.022727272727272728
0.02159090909090909
0.07654320987654321
0.09259259259259259
0.10987654320987654
0.07160493827160494
0.07530864197530865
0.0728395061728395
0.07530864197530865
0.07407407407407407
0.06172839506172839
0.06049382716049383
0.05925925925925926
0.06049382716049383
0.05925925925925926
0.050617283950617285
0.07244318181818182
0.0703125
0.07102272727272728
0.07244318181818182
0.06960227272727272
0.06818181818181818
0.07528409090909091
0.078125
0.078125
0.0703125
0.07315340909090909
0.07315340909090909
0.06676136363636363
0.061079545454545456
0
0
0
0
0
0
0
0
0
0
0
0
0
0
0.06534365924491771
0.0701839303000968
0.06534365924491771
0.06534365924491771
0.07260406582768635
0.0701839303000968
0.07260406582768635
0.06679574056147145
0.06534365924491771
0.06292352371732816
0.0968054211035818
0.08228460793804453
0.06776379477250725
0.07647628267182963
0.06377014716187807
0.1051156271899089
0.05956552207428171
0.07708479327259986
0.06306937631394534
0.04835318850735809
0.0756832515767344
0.0861948142957253
0.07077785564120533
0.08759635599159075
0.0700770847932726
0.07708479327259986
0.05606166783461808
0.05956552207428171
0.06277056277056277
0.08225108225108226
0.0836940836940837
0.10533910533910534
0.05772005772005772
0.06421356421356421
0.049783549783549784
0.05266955266955267
0.06493506493506493
0.049783549783549784
0.09235209235209235
0.06421356421356421
0.10533910533910534
0.06493506493506493
0.04498269896193772
0.04440599769319493
0.06170703575547866
0.13494809688581316
0.0922722029988466
0.05190311418685121
0.08650519031141868
0.049596309111880045
0.16608996539792387
0.07958477508650519
0.05074971164936563
0.052479815455594
0.0847750865051903
0.0
0.07015985790408526
0.07104795737122557
0.06838365896980461
0.07815275310834814
0.07104795737122557
0.07015985790408526
0.0674955595026643
0.06927175843694494
0.06838365896980461
0.0674955595026643
0.06838365896980461
0.07104795737122557
0.07815275310834814
0.08081705150976909
0
0
0
0
0
0
0
0
0
0
0
0
0
0
0
0
0
0
0
0
0
0
0
0
0
0
0
0
0.10733590733590734
0.15984555984555984
0.05405405405405406
0.0972972972972973
0.06177606177606178
0.05714285714285714
0.08803088803088803
0.05868725868725869
0.05405405405405406
0.06409266409266409
0.054826254826254826
0.044787644787644784
0.04633204633204633
0.051737451737451735
0.08807985907222549
0.06459189665296536
0.07985907222548444
0.05989430416911333
0.10041103934233706
0.20551967116852612
0.0546095126247798
0.058719906048150326
0.05578391074574281
0.0540223135642983
0.0546095126247798
0.005284791544333529
0.06576629477392835
0.05284791544333529
0.04077878276866472
0.3467729572282692
0.06607389238080638
0.05350298942204507
0.05534263375747356
0.05365629311666411
0.04798405641575962
0.05273647094894987
0.04568450099647402
0.04415146405028361
0.044917982523378815
0.05258316725433083
0.048903878583473864
0.046910930553426336
0.06605019815059446
0.0607661822985469
0.11856010568031704
0.06571994715984147
0.058784676354029064
0.10204755614266843
0.0809114927344782
0.062417437252311754
0.06869220607661823
0.06605019815059446
0.06737120211360634
0.059445178335535004
0.06605019815059446
0.0571334214002642
0.17979610750695088
0.05097312326227989
0.0639481000926784
0.04170528266913809
0.04355885078776645
0.04170528266913809
0.04448563484708063
0.04170528266913809
0.07877664504170528
0.14087117701575533
0.06302131603336422
0.04448563484708063
0.11399443929564411
0.05097312326227989
0.09019886363636363
0.060369318181818184
0.07244318181818182
0.08877840909090909
0.11079545454545454
0.0703125
0.060369318181818184
0.061079545454545456
0.061079545454545456
0.078125
0.06392045454545454
0.05752840909090909
0.0546875
0.0703125
0.06069364161849711
0.07225433526011561
0.06165703275529865
0.05491329479768786
0.05009633911368015
0.08092485549132948
0.05394990366088632
0.2023121387283237
0.055876685934489405
0.057803468208092484
0.052986512524084775
0.08092485549132948
0.05491329479768786
0.06069364161849711
0.04926108374384237
0.05541871921182266
0.05110837438423645
0.054187192118226604
0.05233990147783251
0.05665024630541872
0.05233990147783251
0.24630541871921183
0.049876847290640396
0.04495073891625616
0.12315270935960591
0.05726600985221675
0.042487684729064036
0.06465517241379311
0.07380073800738007
0.04366543665436654
0.04797047970479705
0.06765067650676507
0.07257072570725707
0.06888068880688807
0.05842558425584256
0.12423124231242312
0.03874538745387454
0.06765067650676507
0.07564575645756458
0.04981549815498155
0.12300123001230012
0.08794587945879459
0.04722921914357683
0.04659949622166247
0.055415617128463476
0.11397984886649874
0.06612090680100756
0.058564231738035266
0.07745591939546599
0.06486146095717885
0.10075566750629723
0.06612090680100756
0.06486146095717885
0.06486146095717885
0.0787153652392947
0.09445843828715365
0.0777238029146426
0.06037473976405274
0.05898681471200555
0.06037473976405274
0.055517002081887576
0.055517002081887576
0.05343511450381679
0.06939625260235947
0.06662040249826509
0.05968077723802915
0.06800832755031229
0.1554476058292852
0.0659264399722415
0.09299097848716169
0.0636237897648686
0.10096818810511757
0.06085753803596127
0.09474412171507607
0.06085753803596127
0.06846473029045644
0.0677731673582296
0.07952973720608575
0.058782849239280774
0.07676348547717843
0.058782849239280774
0.0739972337482711
0.06500691562932227
0.0698478561549101
0.06773743016759777
0.04958100558659218
0.04888268156424581
0.03770949720670391
0.10544692737430168
0.04748603351955307
0.034916201117318434
0.0467877094972067
0.03840782122905028
0.08379888268156424
0.07751396648044692
0.11941340782122906
0.15363128491620112
0.08868715083798882
0.04052098408104197
0.02532561505065123
0.0426917510853835
0.03907380607814761
0.09768451519536903
0.23154848046309695
0.07670043415340087
0.08465991316931983
0.08393632416787265
0.028219971056439943
0.11649782923299566
0.03473227206946455
0.028219971056439943
0.07018813314037627
0.0775716694772344
0.08431703204047218
0.0775716694772344
0.06745362563237774
0.05902192242833052
0.06070826306913996
0.05733558178752108
0.05733558178752108
0.05564924114671164
0.05227655986509275
0.050590219224283306
0.047217537942664416
0.05564924114671164
0.1973018549747049
0.03798297314996726
0.03798297314996726
0.05239030779305828
0.10281597904387688
0.05566470203012443
0.0366732154551408
0.05893909626719057
0.13097576948264572
0.08906352324819908
0.06941715782580223
0.10478061558611657
0.0275049115913556
0.03339882121807466
0.16240995415848067
0.05063291139240506
0.04988830975428146
0.05063291139240506
0.05137751303052867
0.05286671630677588
0.05212211466865227
0.0573343261355175
0.07967237527922562
0.05137751303052867
0.2338049143708116
0.0573343261355175
0.09903201787043932
0.05361131794489948
0.06031273268801191
0.04617921935129192
0.07091808686091258
0.08851017042330951
0.09510720175920835
0.0720175920835624
0.11214953271028037
0.14073666849917538
0.07586586036283673
0.05057724024189115
0.04617921935129192
0.04837822979659153
0.04288070368334249
0.04837822979659153
0.06212204507971413
