Congruent
[0, 0, 0, 0, 7, 1, 0, 1, 0, 0, 3, 1, 1, 1, 4, 0, 0, 0, 0, 1, 1, 3, 1, 1, 3, 0, 0, 0, 0, 2, 0, 0, 0, 0, 0, 0, 0]
[0, 4, 0, 7, 0, 0, 0, 0, 3, 0, 1, 2, 0, 0, 0, 0, 2, 0, 1, 0, 1, 2, 4, 1, 0, 0, 0, 0, 1, 0, 2, 0, 0, 0, 0, 0, 0]
[0, 0, 4, 1, 0, 3, 1, 1, 2, 1, 0, 0, 2, 1, 0, 0, 1, 3, 0, 4, 0, 0, 1, 0, 0, 0, 0, 0, 0, 0, 0, 1, 1, 2, 1, 1, 0]
[0, 2, 0, 5, 0, 2, 0, 0, 0, 1, 3, 0, 2, 0, 5, 1, 0, 1, 0, 0, 0, 0, 0, 6, 1, 0, 0, 0, 1, 0, 0, 0, 0, 0, 1, 0, 0]
[0, 0, 0, 0, 4, 0, 1, 0, 0, 0, 4, 0, 1, 2, 13, 1, 0, 0, 0, 0, 0, 0, 0, 0, 3, 0, 0, 0, 0, 2, 0, 0, 0, 0, 0, 0, 0]
[0, 1, 1, 4, 0, 2, 2, 0, 1, 0, 0, 1, 4, 0, 0, 0, 0, 3, 1, 3, 0, 0, 0, 0, 0, 1, 0, 0, 0, 4, 0, 0, 1, 1, 0, 1, 0]
[0, 1, 0, 0, 0, 1, 1, 0, 5, 5, 0, 0, 1, 0, 0, 0, 1, 1, 1, 3, 2, 0, 3, 0, 0, 0, 0, 0, 1, 0, 1, 0, 1, 2, 0, 1, 0]
[0, 1, 0, 5, 1, 1, 0, 2, 0, 0, 1, 1, 1, 2, 1, 0, 0, 1, 2, 0, 0, 2, 0, 5, 0, 0, 1, 1, 1, 0, 0, 1, 0, 0, 0, 0, 1]
[0, 0, 10, 0, 2, 0, 0, 0, 0, 0, 0, 0, 1, 0, 0, 0, 0, 0, 2, 5, 0, 0, 0, 1, 0, 0, 0, 0, 0, 1, 0, 1, 1, 7, 0, 0, 0]
[0, 1, 0, 2, 0, 1, 0, 0, 0, 5, 0, 0, 1, 1, 1, 0, 1, 2, 1, 2, 0, 2, 0, 4, 2, 0, 3, 0, 0, 0, 0, 2, 0, 0, 0, 0, 0]
[0, 2, 1, 1, 1, 1, 2, 0, 1, 2, 0, 0, 2, 0, 2, 1, 1, 1, 0, 1, 1, 1, 2, 0, 1, 1, 0, 0, 0, 0, 0, 1, 1, 1, 1, 1, 1]
[0, 0, 1, 1, 1, 3, 1, 1, 2, 0, 0, 0, 1, 0, 0, 0, 1, 1, 3, 1, 0, 0, 0, 1, 0, 0, 0, 0, 2, 1, 1, 0, 2, 6, 0, 0, 1]
[0, 2, 1, 1, 2, 2, 2, 0, 0, 0, 5, 1, 0, 1, 4, 0, 0, 0, 0, 0, 0, 1, 0, 3, 1, 1, 1, 0, 0, 1, 0, 1, 0, 0, 1, 0, 0]
[0, 0, 2, 0, 5, 0, 0, 1, 0, 0, 5, 0, 2, 0, 14, 0, 0, 0, 0, 0, 0, 0, 0, 0, 2, 0, 0, 0, 0, 0, 0, 0, 0, 0, 0, 0, 0]
Multi-Congruent
[2, 0, 1, 0, 10, 3, 0, 4, 2, 3, 8, 4, 1, 1, 11, 3, 1, 2, 0, 4, 1, 4, 2, 1, 13, 1, 1, 0, 0, 2, 0, 5, 2, 0, 0, 1, 0]
[1, 4, 0, 8, 0, 1, 3, 1, 5, 1, 1, 3, 3, 2, 1, 1, 7, 6, 1, 0, 2, 3, 6, 2, 0, 6, 1, 3, 6, 1, 3, 4, 2, 3, 1, 1, 0]
[2, 1, 4, 2, 1, 3, 1, 4, 5, 2, 1, 2, 5, 1, 0, 1, 5, 5, 1, 10, 4, 0, 2, 1, 1, 2, 0, 0, 2, 2, 2, 2, 2, 7, 1, 8, 1]
[7, 2, 1, 6, 0, 3, 0, 1, 0, 1, 4, 2, 2, 1, 10, 3, 0, 5, 1, 1, 0, 3, 0, 9, 10, 1, 4, 0, 1, 1, 2, 7, 2, 0, 1, 1, 1]
[5, 0, 0, 0, 10, 6, 1, 3, 0, 0, 11, 2, 1, 2, 18, 1, 0, 2, 0, 3, 2, 0, 1, 0, 12, 0, 1, 0, 0, 4, 1, 5, 0, 0, 0, 2, 0]
[8, 1, 3, 4, 0, 5, 3, 2, 2, 2, 0, 2, 6, 1, 0, 0, 1, 5, 2, 5, 2, 0, 2, 0, 0, 2, 0, 1, 5, 10, 1, 0, 1, 7, 4, 3, 3]
[5, 1, 0, 0, 0, 1, 5, 1, 8, 6, 0, 0, 4, 0, 0, 3, 4, 1, 1, 5, 5, 2, 8, 0, 0, 5, 0, 1, 2, 1, 2, 1, 5, 5, 5, 4, 2]
[6, 1, 0, 7, 1, 2, 0, 4, 0, 0, 4, 1, 1, 4, 3, 0, 1, 6, 3, 2, 0, 6, 1, 11, 3, 0, 4, 3, 5, 0, 0, 8, 0, 0, 2, 0, 4]
[6, 0, 11, 1, 3, 2, 0, 4, 0, 3, 1, 0, 8, 1, 0, 0, 0, 0, 2, 7, 0, 0, 0, 1, 1, 0, 1, 1, 0, 7, 1, 2, 3, 12, 3, 9, 3]
[8, 1, 0, 4, 0, 2, 2, 2, 2, 6, 0, 2, 1, 2, 3, 1, 2, 4, 2, 3, 1, 8, 1, 9, 2, 0, 9, 0, 1, 1, 1, 8, 3, 1, 1, 0, 0]
[5, 3, 1, 3, 2, 3, 4, 3, 3, 3, 3, 1, 2, 1, 3, 4, 3, 3, 3, 2, 5, 1, 4, 0, 3, 2, 0, 2, 2, 0, 1, 3, 1, 3, 4, 4, 3]
[5, 0, 3, 1, 1, 5, 1, 4, 5, 0, 1, 0, 3, 0, 0, 0, 5, 3, 5, 4, 7, 0, 1, 1, 1, 0, 0, 1, 4, 5, 2, 0, 3, 11, 5, 4, 2]
[6, 3, 1, 2, 6, 2, 3, 1, 1, 0, 6, 2, 0, 3, 11, 2, 2, 1, 1, 2, 0, 2, 1, 7, 11, 3, 4, 2, 0, 2, 1, 4, 0, 0, 1, 0, 0]
[9, 0, 4, 0, 8, 4, 0, 1, 0, 1, 15, 0, 2, 0, 23, 1, 0, 0, 2, 6, 0, 0, 0, 1, 7, 0, 2, 0, 0, 2, 1, 2, 0, 1, 0, 0, 1]
Multi-Unongruent
[3, 7, 3, 0, 0, 1, 1, 1, 2, 7, 0, 0, 14, 0, 2, 0, 4, 1, 0, 1, 5, 0, 2, 4, 0, 1, 11, 0, 1, 8, 7, 0, 0, 2, 1, 2, 2]
[3, 3, 7, 0, 1, 2, 2, 1, 1, 0, 4, 1, 10, 3, 5, 0, 1, 0, 1, 3, 1, 1, 1, 4, 3, 2, 9, 0, 0, 6, 8, 0, 0, 2, 1, 4, 3]
[3, 2, 6, 4, 0, 0, 0, 0, 0, 2, 5, 1, 2, 0, 6, 0, 0, 2, 1, 2, 0, 5, 0, 10, 4, 0, 17, 1, 1, 1, 7, 3, 1, 3, 0, 4, 0]
[9, 6, 3, 1, 0, 2, 5, 2, 5, 4, 0, 0, 5, 1, 1, 2, 2, 0, 1, 2, 1, 2, 1, 2, 0, 1, 1, 1, 2, 10, 5, 2, 1, 4, 2, 3, 4]
[7, 7, 3, 2, 1, 2, 4, 1, 5, 4, 0, 0, 5, 1, 1, 1, 3, 1, 1, 1, 1, 3, 4, 3, 1, 3, 7, 3, 2, 2, 2, 2, 2, 2, 2, 1, 3]
[11, 2, 5, 4, 0, 0, 1, 0, 1, 3, 0, 0, 7, 0, 3, 1, 0, 1, 1, 0, 0, 6, 0, 9, 4, 1, 17, 0, 0, 2, 5, 4, 0, 2, 0, 0, 3]
[7, 3, 7, 2, 4, 2, 0, 1, 0, 2, 3, 1, 6, 1, 6, 0, 1, 0, 2, 3, 1, 3, 0, 4, 3, 0, 11, 0, 1, 3, 4, 3, 0, 2, 2, 1, 4]
[9, 3, 9, 1, 1, 1, 4, 1, 2, 2, 0, 0, 7, 0, 3, 1, 5, 0, 1, 1, 2, 0, 1, 2, 4, 1, 6, 0, 0, 6, 3, 1, 1, 6, 1, 6, 2]
[3, 5, 1, 1, 0, 0, 2, 0, 2, 1, 2, 1, 1, 2, 5, 1, 3, 0, 5, 1, 0, 7, 1, 15, 4, 1, 16, 0, 0, 1, 0, 5, 1, 1, 1, 2, 2]
[13, 5, 7, 2, 0, 1, 4, 1, 1, 2, 1, 0, 12, 1, 2, 0, 2, 0, 1, 1, 1, 1, 1, 3, 0, 1, 4, 1, 0, 9, 3, 0, 0, 7, 1, 3, 2]
[5, 3, 6, 2, 2, 2, 3, 1, 1, 2, 2, 0, 7, 0, 4, 0, 1, 0, 4, 2, 1, 2, 2, 6, 1, 1, 10, 1, 0, 5, 5, 0, 2, 5, 1, 0, 4]
[10, 8, 3, 8, 3, 1, 0, 0, 0, 1, 2, 0, 5, 0, 3, 0, 0, 0, 3, 0, 0, 6, 3, 8, 1, 1, 15, 2, 0, 1, 2, 2, 0, 2, 0, 2, 1]
[8, 5, 7, 0, 1, 2, 2, 1, 4, 5, 0, 0, 10, 2, 0, 1, 2, 1, 2, 2, 2, 0, 1, 1, 0, 0, 2, 0, 0, 13, 0, 1, 3, 10, 1, 1, 3]
[8, 8, 6, 1, 0, 2, 1, 2, 1, 3, 0, 0, 9, 1, 0, 0, 3, 0, 3, 2, 2, 4, 0, 6, 1, 1, 8, 3, 1, 7, 1, 1, 1, 2, 0, 2, 3]
first-CongruentColours
[0, 1, 8, 13, 3, 0, 1, 1, 0, 4]
[0, 2, 1, 0, 2, 8, 3, 11, 1, 3]
[0, 5, 8, 3, 3, 4, 2, 3, 2, 1]
[0, 2, 8, 3, 0, 8, 0, 2, 1, 7]
[0, 1, 17, 9, 2, 1, 1, 0, 0, 0]
[0, 6, 4, 6, 1, 7, 2, 3, 2, 0]
[0, 5, 3, 1, 0, 2, 4, 9, 2, 5]
[0, 1, 2, 2, 6, 7, 1, 1, 3, 8]
[0, 8, 15, 3, 1, 0, 0, 0, 3, 1]
[0, 1, 3, 3, 3, 4, 1, 1, 1, 14]
[0, 4, 4, 3, 1, 3, 4, 6, 3, 3]
[0, 8, 2, 5, 1, 4, 2, 2, 6, 1]
[0, 0, 10, 6, 3, 1, 2, 3, 1, 5]
[0, 2, 21, 7, 1, 0, 0, 0, 0, 0]
Mulit-combineColours
[2, 2, 24, 28, 14, 5, 2, 5, 2, 9]
[1, 10, 2, 2, 10, 21, 15, 21, 4, 7]
[2, 22, 15, 7, 9, 10, 10, 10, 5, 3]
[7, 5, 16, 14, 11, 15, 0, 3, 5, 17]
[5, 4, 32, 32, 12, 3, 3, 1, 0, 1]
[8, 17, 8, 15, 5, 14, 7, 7, 10, 2]
[5, 15, 5, 2, 2, 6, 15, 22, 13, 8]
[6, 1, 9, 6, 17, 18, 4, 2, 9, 21]
[6, 30, 19, 13, 7, 1, 1, 0, 11, 5]
[8, 3, 6, 5, 14, 10, 5, 4, 6, 32]
[5, 10, 9, 8, 8, 12, 14, 12, 11, 4]
[5, 20, 8, 12, 4, 8, 14, 6, 15, 1]
[6, 1, 20, 21, 10, 5, 7, 8, 2, 13]
[9, 4, 48, 21, 3, 1, 0, 0, 3, 4]
Multi-uncombineColours
[3, 25, 6, 9, 1, 2, 10, 12, 3, 22]
[3, 24, 19, 12, 5, 0, 4, 7, 5, 14]
[3, 16, 19, 5, 4, 7, 1, 2, 2, 34]
[9, 17, 6, 12, 5, 5, 9, 13, 8, 9]
[7, 10, 5, 6, 4, 6, 11, 19, 8, 17]
[11, 14, 8, 6, 4, 6, 1, 4, 4, 35]
[7, 13, 19, 12, 6, 3, 2, 3, 8, 20]
[9, 22, 13, 12, 2, 2, 11, 7, 5, 10]
[3, 4, 9, 5, 8, 2, 5, 9, 9, 39]
[13, 25, 11, 10, 2, 2, 8, 8, 4, 10]
[5, 17, 14, 10, 1, 2, 6, 7, 11, 20]
[10, 11, 8, 6, 2, 8, 2, 12, 4, 30]
[8, 21, 9, 16, 4, 2, 6, 10, 9, 8]
[8, 14, 8, 10, 4, 2, 9, 10, 7, 21]
